$ANSIBLE_VAULT;1.1;AES256
65326532373836633838636336333337386430313165633333396539613261376664353564346665
3432306430353766373132396434333632303461343438310a636663643164353764633039336464
36643930643837653534313039653739613263356465653131366239633831626163393865616332
6662643038313063620a346662393035366631366238623134663133353234646663623338343664
31303564663231313535383761386135316435313334626133313937376464306531646638623730
66636563383561633732346637306438303638363261366364373339396362643134613465623437
62366333646533373332393230643739336338356462386564393733616666356131303033623161
34613161353039633734346162366332353366613164303065346366376130383835633035633261
36386439646637626265353064653335313836313666383461666464383766386637333961653038
38326237303462393961333433396539653065623230356539326465616238323566666263333062
32626339386462633232353934313862376337613130616464623764366366373563363831386531
61613264353562623764316639376530663565306331613535313065616535656662613762393165
37313465666236383436616530383234376364656365326265616263613063633838646331336365
38353136326334336364336264366661373435613163636132643065643136313466633934353536
31303838633432643535653830373436306466393030313732633866346136356263613934623038
36353166616635313931356235653664336534643036656533393137333563366638626364343931
34306238303061343563366432656636333364326638373537616438656466633766623234306534
33613335343431663632623966383963336562343866636132656138353236653135663133303166
62643065613334656135343066653736383061626234336163326565313962363664633162663866
35353364646138666233303631663937366536343737386634643732646362643064643834663639
39633864653265633737623032653765643538326461303632643864373534633566613864646430
66366261633465353936366239653238376638366235646631393437366563623131643639313462
30386634303365663964343038366565303466373530316636613930393263643833383639623062
34396437336533393637626535663438373266653438613365636336376631356134626334353431
6133
