$ANSIBLE_VAULT;1.1;AES256
63666537383138646635356662373035333765326366643262333232656663663435313637303635
3437366436656638396637316236356232333865666433330a343238343130343261386337356439
39316231656139386538383733336130353565646130666638376365343830303830373538613066
6339336237613861640a616438626534613537623734343237313764396631373233313036373939
32386563366261643730333563636633643030656131636363303264326639316434303132616632
34643339353939633530363233373165666236646238333662363166363365616236353639356139
34373736303733393065623238663866373563636238343732303730376530363761626366636264
35633538393131356266323137613235663662663866623862646262366261663335316663633664
65626236656162306236303562663935656230313333393637333836623630623736326336373639
66326664343166353131646530613735303633343637303138323962323761633535326538663938
32616336666266393030373664383132343135386366356538313865366665316333376361643037
35306438353336363834323763363439633364653531303063613831623437303161346433303165
63656265333838393838653061666139366264653337643061623831383539333235373733613230
64366436626131316135353031373931313363626137323738383061323635353039386262656264
63353763396463393961393530326636396266633437366535383837346165626632383232633030
64383532613263653839313364626137356131636635626333316136636338323138363531613532
38626162366338666234643532303439323564366662313461623961393634626435653761363533
38376266626432663761663766326334663436323966626531396535346533613138653166613739
39393665666337306635356239343837306264313238663762616361313833666361393733366131
61323932616436376238623439633634313130643136386163623161653537663833373138623735
61633931626464336366366538666665326264663265393465333930666239353264386261313862
37363765316332396261666533326232313638643333336265653964643639626263646232333437
61666534633363333462386534656263616562653866306133336237336363393766313439323730
38353234373936303236343063653938643635313737636437653562333866353231666230666637
39356564366438616261363063636334323662346532643236346236383964353937633635373733
38626536396166643230323236343733613065393531656263343366356566663561383564663764
39663564383535376336353830613265613435393437393833333435613266633733623761616333
34633032396266623463306366396265386430343164336430643765393061633734626335376464
30333337323730353435666237343262613063623931376332656462343438303932336432373439
66623636353432343739303235323231373033373063376433353332373533633831366135366438
30313339386639633364353364303139656466313163653833616566313630643462343630363139
30373831376461666133616265383433386336636563393961663763623039313066323336653937
63663061643036663937393038613766353535316166383865383232633236623034353265303633
65383235313064383633646463653837663962383533376337316538336364363434633465313466
62616462343239626661316334393466346138343166623066306335333237333131303432386162
64366634353136623465356334383562366532333934316663353764346139333337356535373339
66363531663939383837346162313861396664313231383734336365316366613866376163613461
38646163396562633635616561346664633666396365373032323462383430386233616536313633
34663337306136323464663165393438316663396636303764363335306132393230353936626461
62386464386662393030633237383763356432393435343331303732346465303461313666303037
34386532376533646163303936656132633165636533653239356364333865356636323432396637
66616263626430613439376538613862343766336632306265333031343435383566393334666630
63626164373735336530313130663830316634663563326433383933356231626635316665666330
36633931646432353038633638663466643765366437663936666639653266636632383032373938
62626136333630653362313837383238313831326634383065376566376630353631656137303939
34393230616162616533643034323137336162373966303561333231383863363533623637323638
64313065373434323033663235613730663730313635316635346137393432383330376463313261
32656266623934663035626430396330656531326235316265303536386661313338333736656637
30343466333731663665616139386465303631303765316532656535336139353366656431373431
37636436646633653431326363343037653634336532356165353139393766633635373630666131
62616366353437313633653335336162343764326137336361363435626637633665633731303864
66323237346637653937303433396463373832646363336539636431303638346333326366353462
61323938346533316264346565376639303932353337646561383733626637376161356332613364
34333734386439346538616433373165313063646130363133633962393933613461343261663866
30633036323664623932306336646130333330393235346132393835323730326334653838333130
39383038613938303665643434613135623637663861353566636332353130326362616132333633
34376363646435353730306530646235343231613932346163616339656437643435643432376136
66313934646237656165333364356666383933626364653833353239613862326635363863376661
66326133646662303732383438366232626665353165306631356535353866633334616263653839
34393335396434653764393330666165666164613361646361383765343162373138366431313239
63396332613739663632666463346362653337346562623135363238353334663833323034343464
31663439323365356635626265393264633066333462643630303736333136363965366165623931
65323666653666316438613630653264373165363266656536623333346132656436313663663061
34656165623564353534376461343764386439623565316338383630343262643762616433323337
31376530373434623538326538633031613065656330633263626239373362663265393135343362
30636237616130666565353163343938333538663131653065356634653739383866366530393039
31323038303033623066636237373736616666383161636561323131626536393232633031633732
63363037383061323434626565373066623836633166343133313034643233306166613766336532
32316538653732656631343237366464636330643862653562656266356238666237373265373461
63656561336537316437316138346162343838396331333266626365346331363734333838323238
61366662333835363537343534306439653039373666653836383834353334313337386634643631
32663761353536633964623234636332656562316563313961653639343332656463376437393066
34393530313637643934643065396636613331343236313661353433663238373362303731316537
61343365383762616239666230613731363134396132313832313066633733633033323965316635
38383262636337376662313534393361353037383362616566393333653034666437356264396465
66633466303630633733653434356134306164663339333734386536376161356666366638353033
33326538623432633434633164303866303230623962376563323135376537616338653565633934
38613430343863633839356239653431653231366237326166373762613438303861343835393135
61613833373630353166303232623835666261633638646534646666366263663963333666643537
65343561346432396530333838323036653336373362626530386330393963616537313332326233
33366463656533356161333963376632323465646530373832336161663430633037336662633264
30313931383238323039643730306232323963323161363835396465383363613231613436383232
63306262393430326639616363383833323265313534653637643837613331353036316139393932
35393666323061313332613439633437333635323961616161363064633962333735343163343733
35303633653864326663383966313732343639373537636664323332653237346536613338326231
36323664303834626461623166653364313164656166326330366163346433393565653635626239
65356638386263656465396530373733383366353563663436633937323331613866393131316138
33653165653736643238356662613762663838613033363362326666643336613466376334633537
35323838396462373334653763663166326135666134383837626335313161386632633138363439
39373133653230396564303261363831326233356336306165363463313938623863643266343962
66656561393534623532356230643836666632666564393738636363383764653336383634343634
31303839336235613232376262356539623436313765383036663539396637626632373435666530
33343763333830633931373163646335626530353935393631663338326437646432346533636339
35633230326262626532303163396562393434383435363036313764353832663139623061666562
39333862663262623837313439306164666334636461303138326238616166616630646666393666
61343932633732376330643230646237643361666434336533383532383537303830343237303765
31313866303762353135383561396661633537343936363936653765643662623133373362346434
62633737386533656366396538383538333361663961373063663632643165343936393931616139
38333864323039623039373562626336643138373133613862366262373033356163366235643064
36366233353835613962613462636633313332653237666463363462636130386236353661353762
36386136613430373438653936316663623433363731333762366162646166613934623537643930
30663135663032303134376565343230633163633864616139303038346635353462636566333231
66343535363438386433333139313365623062303037636337633332363462306532653661316532
32376639366633666663626434633032386263346663363030386164373035346233323366306432
31623463323366366431616437646561356139656337396331363831393031383666326363346336
37373465656432663061623238623732613136336266643061303636643035303137643536303230
30303935393339636463303536356661313633386133363430333338386463666261383163313366
31373866333861366539393433623165366633636262653433366534323437326439383538663537
30396539373433363664326464623838303232333765616561623238343564363036613435613465
37316563623964633533623839616633336263376339313863386664643461353763316131383764
64666561313638363563313230386636313964376635633634353232613862363761316337323236
64353034306561666366663461326638343036363537363734653161656632396432646132366333
63383836346164373236303438356531343431376262393133366364353833643262663965346463
37383762386363336334353063616133356232313134626237373034393366633161336631373366
34336138366566613733316331313432386164613766616435633734383166633963323466346464
30373761656634376233646439386266333162303431396137666539383133353164303239303464
38636238613564616632393231316562326532633332313634323663393565353138656431303931
66356338393661313665643832653962653739346661303964363963623531663565643038313630
38323131303336326563643738386365626335333431613062396662663263393065306666663264
63396261313435383162303332363761303638633961646562363939646137373463303563343661
61656630386237353466396461623965336232663838356639626238623663643032333031383764
64396538633030343138303237613566313932636238326662353039613264373335383032373835
66393439326361613764623737336337343362366263393839333761613363363030313363333139
63626461323538363634343531646462373837663466656137616430343762333932303532653234
30323763626532623434396561613833636463396431303135316539396636333531393332643338
31663164333133383466663532353563633963303937326235393561376464636363373964643433
38326333363636386566336466643263656631366564643562656130343733636332633231663663
66613338326332616336366533356231643264636635303138666466633765353135386639383430
33346338343763633261643735316163626237333431393530353263656238373539343531653339
66356461313336633164383765356538383235336233633330386664376161663165633532386636
37336265333037396463643963393339643236303265303733373330346134653630666432316566
35343266343566363732326162646138363164373738316531666461373566666665393031613939
66316561326133363163643266346238363164613836313361326330616139366665343461383037
33323261626632323562356630366332306363383733333763366134306234333061633539313661
62373462396463303330626539363338623634353231613230373536393066336361356439363435
31356638386532666663396232306532306461363961636138613633333463323337336339616262
34633430343863323862363266376532386338386163393961383964366139386363393832643738
34643338336662343161623761306238386539316338323434633731396161636562303832633462
32383564333838323735666431353437333437636538376634623538636632386561623738316534
39333835623462626538373035376530363533306365303761353035363936623039306132323666
66643066666436656265623037633235636235623437633566653230643736323935303136643666
63616437643162303966356437393831613138626561666162653932333066623139616434336432
39343130663366653836363738363637633937383139303532663631373030323038326135353033
37383930383833303464336636383263383231396334613031666666303061316666363237363138
35343438356437383236636435316334653039366465653861393836316664333231636461366363
31663562653634373565643765616433323331656234643031633339623439396337333861333864
38313366313630323266646132336230613465353530386336666333656131336165613735373534
39333335636238353130623434616462346334386562346630613563343631343139333462663461
36383331633337313164353432373363323138353863386430326639653037326461643830633865
34333561303536316333393564393033363737666264343830323134643566393164363362623234
35643939386133613539373534393662323762346663633364366633646134343834316435383665
64376330643333306165363434633038616162386563633131336130653630363832656662333430
62343432653131666562616631346263346164323563643831356639396530383136653134396265
61613463353730373561303737643231663966383132353330333634303738313661626232343132
63653562393566663331363036303766343439663035666562326366353836626466326331646233
65373833306466643764343564633863633565653435343036633830306665643439316561653139
30616362626631663338666436316432336132343161646464396536343531383330333765366332
39383435373962633039666566393030376231623732363265333333393231656337356335343333
61353031656431666238633862396334653230623133353832616562613233663232363330343839
61623466366266393061643339643334333530316431656439303165626138356139623837613666
66646139613634343831623662623035343664373630313336346563343035643164346432326532
31373962633664636163626561343965316632656365336333636161613038656566643537623737
39306463303539323432333539386433336630353530343233353430626334643264656639363234
32653339356432663338323366623830656363333634656161353333376361386435316436343361
33656631323865333438656262663062363934616363373831623635306661396633303865316163
34613965653437326136653738383834663064396534303965323362303034346663616239646566
33393130393361353062396566313134613363633530356439313836633039333636663365363134
38333037656465353061323765306161396231366661666165386537663362333566663336656364
66383030303163393538613833653564383763323137303236363138376661613536663835376535
39353539333031623639313136363930386561333038393739386331313164613835643464393163
63363034313761666265623765316463333464643035353436616432303730313466313731366631
38346139333938303862353930303331313933313034623464353231313739633333383262376265
64316665323739396335363464313263653938303631393763623631633436613632
